   h  eps   arch  seed  excess  acc_rep  bayes_acc_rep  ind_layer  ind_score  lambda_hat  nc_slope_model  nc_slope_bayes  agree
0.01  0.1     L2     0  0.0141   0.7888         0.7899          1     1.0000      0.0865         -0.1393          0.0040 0.8058
0.01  0.1     L2     1  0.0199   0.7875         0.7899          1     0.9999      0.0590          0.1843          0.0040 0.7388
0.01  0.1     L2     2  0.0142   0.7888         0.7899          1     1.0000      0.0875         -0.1381          0.0040 0.7920
0.01  0.1 L2+mlp     0  0.0032   0.7896         0.7899          1     1.0000      0.4338          0.0475          0.0040 0.8019
0.01  0.1 L2+mlp     1  0.0040   0.7894         0.7899          1     0.9992      0.3981          0.0719          0.0040 0.8182
0.01  0.1 L2+mlp     2  0.0044   0.7894         0.7899          1     0.9998      0.4172          0.0763          0.0040 0.8197
0.01  0.1     L3     0  0.0045   0.7896         0.7899          2     0.9998      0.0568          0.1777          0.0040 0.9180
0.01  0.1     L3     1  0.0046   0.7897         0.7899          2     0.9999      0.0554          0.0780          0.0040 0.9222
0.01  0.1     L3     2  0.0044   0.7896         0.7899          2     0.9996      0.0571          0.2013          0.0040 0.9180
0.03  0.0     L2     0  0.0011   0.7483         0.7483          1     0.9968      0.5611          0.0181          0.0000 1.0000
0.03  0.0     L2     1  0.0009   0.7483         0.7483          1     0.9975      0.5824          0.0176          0.0000 1.0000
0.03  0.0     L2     2  0.0008   0.7482         0.7483          1     0.9974      0.5721          0.0154          0.0000 1.0000
0.03  0.0 L2+mlp     0  0.0005   0.7482         0.7483          1     0.9970      0.2608         -0.0037          0.0000 1.0000
0.03  0.0 L2+mlp     1  0.0004   0.7482         0.7483          1     0.9972      0.4116          0.0027          0.0000 1.0000
0.03  0.0 L2+mlp     2  0.0004   0.7483         0.7483          1     0.9972      0.3999          0.0007          0.0000 1.0000
0.03  0.0     L3     0  0.0004   0.7483         0.7483          2     0.9980      0.4049          0.0059          0.0000 1.0000
0.03  0.0     L3     1  0.0004   0.7483         0.7483          2     0.9979      0.3959          0.0069          0.0000 1.0000
0.03  0.0     L3     2  0.0004   0.7483         0.7483          2     0.9983      0.4222          0.0051          0.0000 1.0000
0.03  0.2     L2     0  0.0197   0.5688         0.5708          1     0.9803      0.1207         -0.0492          0.0137 0.8603
0.03  0.2     L2     1  0.0228   0.5684         0.5708          1     0.9897      0.1108          0.0490          0.0137 0.8632
0.03  0.2     L2     2  0.0203   0.5684         0.5708          1     0.9917      0.1134         -0.0640          0.0137 0.8705
0.03  0.2 L2+mlp     0  0.0058   0.5698         0.5708          1     0.9822      0.4603          0.0299          0.0137 0.9090
0.03  0.2 L2+mlp     1  0.0056   0.5699         0.5708          1     0.9853      0.4859          0.0039          0.0137 0.9114
0.03  0.2 L2+mlp     2  0.0051   0.5698         0.5708          1     0.9844      0.4520          0.0042          0.0137 0.9158
0.03  0.2     L3     0  0.0050   0.5704         0.5708          2     0.9928      0.1111          0.0932          0.0137 0.8290
0.03  0.2     L3     1  0.0055   0.5704         0.5708          2     0.9932      0.1187         -0.0254          0.0137 0.8263
0.03  0.2     L3     2  0.0056   0.5702         0.5708          2     0.9953      0.1092         -0.0543          0.0137 0.8132
0.00  0.2     L2     0  0.0012   0.7893         0.7893          1     1.0000      0.0017          0.0385         -0.0000 0.9995
0.00  0.2     L2     1  0.0011   0.7893         0.7893          1     1.0000      0.0031          0.0223         -0.0000 0.9999
0.00  0.2     L2     2  0.0013   0.7893         0.7893          1     1.0000      0.0027          0.0150         -0.0000 0.9999
0.00  0.2 L2+mlp     0  0.0005   0.7893         0.7893          1     1.0000      0.0017         -0.0008         -0.0000 1.0000
0.00  0.2 L2+mlp     1  0.0006   0.7893         0.7893          1     1.0000      0.0021          0.0025         -0.0000 1.0000
0.00  0.2 L2+mlp     2  0.0006   0.7893         0.7893          1     1.0000      0.0016          0.0002         -0.0000 1.0000
0.00  0.2     L3     0  0.0006   0.7893         0.7893          2     1.0000      0.0018          0.0102         -0.0000 1.0000
0.00  0.2     L3     1  0.0005   0.7893         0.7893          2     1.0000      0.0017          0.0138         -0.0000 1.0000
0.00  0.2     L3     2  0.0008   0.7893         0.7893          2     1.0000      0.0022          0.0113         -0.0000 0.9993

mean ± sd over seeds
h                         0.00                                            0.01                                               0.03                                                                              
eps                        0.2                                             0.1                                                0.0                                           0.2                                
arch                        L2          L2+mlp             L3               L2            L2+mlp                L3             L2         L2+mlp             L3              L2          L2+mlp              L3
excess             0.001 ± 0.0     0.001 ± 0.0    0.001 ± 0.0    0.016 ± 0.003     0.004 ± 0.001       0.005 ± 0.0    0.001 ± 0.0      0.0 ± 0.0      0.0 ± 0.0   0.021 ± 0.002     0.005 ± 0.0     0.005 ± 0.0
lambda_hat       0.002 ± 0.001     0.002 ± 0.0    0.002 ± 0.0    0.078 ± 0.016     0.416 ± 0.018     0.056 ± 0.001  0.572 ± 0.011  0.357 ± 0.084  0.408 ± 0.013   0.115 ± 0.005   0.466 ± 0.018   0.113 ± 0.005
nc_slope_model   0.025 ± 0.012   0.001 ± 0.002  0.012 ± 0.002   -0.031 ± 0.186     0.065 ± 0.016     0.152 ± 0.065  0.017 ± 0.001   -0.0 ± 0.003  0.006 ± 0.001  -0.021 ± 0.061   0.013 ± 0.015   0.005 ± 0.078
nc_slope_bayes      -0.0 ± 0.0      -0.0 ± 0.0     -0.0 ± 0.0      0.004 ± 0.0       0.004 ± 0.0       0.004 ± 0.0      0.0 ± 0.0      0.0 ± 0.0      0.0 ± 0.0     0.014 ± 0.0     0.014 ± 0.0     0.014 ± 0.0
nc2to4_model     0.027 ± 0.014   0.004 ± 0.002   0.02 ± 0.002    0.106 ± 0.152     0.198 ± 0.007     0.272 ± 0.069  0.016 ± 0.002   -0.0 ± 0.002    0.007 ± 0.0   0.057 ± 0.062   0.072 ± 0.017   0.054 ± 0.056
nc2to4_bayes         0.0 ± 0.0       0.0 ± 0.0      0.0 ± 0.0      0.008 ± 0.0       0.008 ± 0.0       0.008 ± 0.0      0.0 ± 0.0      0.0 ± 0.0      0.0 ± 0.0     0.026 ± 0.0     0.026 ± 0.0     0.026 ± 0.0
nc4to8_model      0.023 ± 0.01  -0.002 ± 0.001  0.004 ± 0.002   -0.168 ± 0.221    -0.068 ± 0.026     0.033 ± 0.098  0.018 ± 0.004    0.0 ± 0.004  0.005 ± 0.001     -0.1 ± 0.07  -0.047 ± 0.014  -0.045 ± 0.103
nc4to8_bayes         0.0 ± 0.0       0.0 ± 0.0      0.0 ± 0.0        0.0 ± 0.0         0.0 ± 0.0         0.0 ± 0.0      0.0 ± 0.0      0.0 ± 0.0      0.0 ± 0.0     0.002 ± 0.0     0.002 ± 0.0     0.002 ± 0.0
agree                1.0 ± 0.0       1.0 ± 0.0      1.0 ± 0.0    0.779 ± 0.035      0.813 ± 0.01     0.919 ± 0.002      1.0 ± 0.0      1.0 ± 0.0      1.0 ± 0.0   0.865 ± 0.005   0.912 ± 0.003   0.823 ± 0.008
Gstar_model_nw1      inf ± nan       inf ± nan      inf ± nan  78.298 ± 25.179  108.773 ± 12.195  102.637 ± 10.782      0.0 ± 0.0      0.0 ± 0.0      0.0 ± 0.0  39.747 ± 2.117  48.909 ± 1.212  49.972 ± 2.936
Gstar_bayes_nw1      inf ± nan       inf ± nan      inf ± nan        inf ± nan         inf ± nan         inf ± nan      0.0 ± 0.0      0.0 ± 0.0      0.0 ± 0.0    84.915 ± 0.0    84.915 ± 0.0    84.915 ± 0.0
Gstar_model_nw2      inf ± nan       inf ± nan      inf ± nan   38.504 ± 3.339    41.279 ± 2.135    36.078 ± 1.143      0.0 ± 0.0      0.0 ± 0.0      0.0 ± 0.0  20.799 ± 0.921  30.802 ± 3.074   23.586 ± 0.99
Gstar_bayes_nw2      inf ± nan       inf ± nan      inf ± nan     51.649 ± 0.0      51.649 ± 0.0      51.649 ± 0.0      0.0 ± 0.0      0.0 ± 0.0      0.0 ± 0.0    42.612 ± 0.0    42.612 ± 0.0    42.612 ± 0.0
Gstar_model_nw3      inf ± nan       inf ± nan      inf ± nan   19.981 ± 1.141    20.304 ± 1.524     4.121 ± 3.654      0.0 ± 0.0      0.0 ± 0.0      0.0 ± 0.0  11.634 ± 1.542  17.428 ± 1.018   8.263 ± 0.367
Gstar_bayes_nw3      inf ± nan       inf ± nan      inf ± nan      6.871 ± 0.0       6.871 ± 0.0       6.871 ± 0.0      0.0 ± 0.0      0.0 ± 0.0      0.0 ± 0.0    16.774 ± 0.0    16.774 ± 0.0    16.774 ± 0.0

theory G* (n_w=1..4):
  h=0.0 eps=0.2: [inf, inf, inf, inf]
  h=0.01 eps=0.1: [208.3, 57.9, 8.4, 1.0]
  h=0.03 eps=0.0: [0.0, 0.0, 0.0, 0.0]
  h=0.03 eps=0.2: [93.0, 52.8, 22.8, 7.3]
figures -> figs
