                        bfree.h                    bfree.eps                    bayes_free.cv_r2                    bayes_true.cv_r2                    counter_exp.cv_r2                   
                         median    min    max size    median    min    max size           median    min    max size           median    min    max size            median    min    max size
h    eps pe    variant                                                                                                                                                                      
0.01 0.1 alibi d128 20k   0.060  0.058  0.067    3     0.234  0.219  0.325    3            0.900  0.890  0.936    3            0.638  0.434  0.666    3             0.489  0.465  0.585    3
               d128 60k   0.056  0.050  0.062    2     0.254  0.235  0.273    2            0.868  0.793  0.943    2            0.577  0.531  0.623    2             0.474  0.375  0.574    2
               d256 20k   0.053  0.053  0.053    2     0.205  0.203  0.207    2            0.873  0.870  0.877    2            0.727  0.722  0.732    2             0.479  0.478  0.479    2
         rope  d128 20k   0.018  0.015  0.025    3     0.081  0.057  0.087    3            0.940  0.926  0.945    3            0.913  0.884  0.923    3             0.783  0.766  0.839    3
               d128 60k   0.024  0.023  0.024    2     0.090  0.085  0.094    2            0.925  0.919  0.931    2            0.908  0.906  0.911    2             0.764  0.744  0.784    2
               d256 20k   0.013  0.012  0.014    2     0.077  0.074  0.081    2            0.928  0.922  0.934    2            0.924  0.923  0.924    2             0.758  0.751  0.766    2
0.03 0.2 alibi d128 20k   0.102  0.100  0.105    3     0.263  0.232  0.269    3            0.943  0.941  0.945    3            0.659  0.646  0.673    3             0.632  0.607  0.677    3
               d128 60k   0.101  0.098  0.104    2     0.233  0.226  0.241    2            0.947  0.944  0.950    2            0.645  0.623  0.668    2             0.638  0.633  0.642    2
               d256 20k   0.088  0.086  0.091    2     0.232  0.231  0.233    2            0.916  0.909  0.924    2            0.670  0.640  0.700    2             0.555  0.549  0.560    2
         rope  d128 20k   0.076  0.067  0.076    3     0.191  0.168  0.192    3            0.951  0.948  0.952    3            0.731  0.717  0.736    3             0.641  0.634  0.681    3
               d128 60k   0.065  0.061  0.068    2     0.176  0.176  0.177    2            0.949  0.946  0.953    2            0.759  0.738  0.780    2             0.661  0.646  0.675    2
               d256 20k   0.046  0.045  0.048    2     0.166  0.163  0.170    2            0.877  0.873  0.881    2            0.819  0.817  0.820    2             0.590  0.578  0.601    2

pre-registered: miscalibration persists if h' moves toward h by less than 2x; 'mainly under-training' if h' reaches within 1.5x of h
variant         d128 20k  d128 60k  d256 20k  true_h  d128 60k: improvement x  d128 60k: h'/h  d256 20k: improvement x  d256 20k: h'/h  d128 20k: h'/h
h    eps pe                                                                                                                                           
0.01 0.1 alibi     0.060     0.056     0.053    0.01                    1.066           5.583                    1.120           5.316           5.952
         rope      0.018     0.024     0.013    0.01                    0.764           2.377                    1.390           1.307           1.817
0.03 0.2 alibi     0.102     0.101     0.088    0.03                    1.017           3.357                    1.163           2.937           3.415
         rope      0.076     0.065     0.046    0.03                    1.169           2.155                    1.632           1.543           2.518
