cross-term law (fitted on the 12 original settings): log h' = -0.299 + 0.736 log h + -0.365 logit eps;  logit eps' = -1.255 + 0.438 logit eps + -0.196 log h

baseline grid (E1+E2b): medians per setting
             sd_y  rmse_law  r2_law  r2_law_ab  r2_true_ab  r2_cross  r2_cross_ab  b_fit
h     eps                                                                               
0.003 0.05  2.987     1.217   0.845      0.873       0.581     0.860        0.917  1.948
      0.10  2.196     0.799   0.877      0.912       0.649     0.827        0.934  2.100
      0.20  1.184     0.510   0.834      0.835       0.708     0.676        0.872  3.826
      0.30  0.604     0.347   0.670      0.857       0.844     0.473        0.848  2.141
0.010 0.05  2.894     0.894   0.912      0.919       0.735     0.935        0.946  1.412
      0.10  2.650     0.782   0.914      0.933       0.706     0.900        0.936  1.659
      0.20  1.765     0.485   0.929      0.935       0.812     0.925        0.932  1.454
      0.30  1.088     0.474   0.817      0.889       0.855     0.851        0.907  1.229
0.030 0.05  2.358     0.978   0.817      0.900       0.849     0.944        0.949  1.213
      0.10  2.216     0.739   0.892      0.917       0.792     0.923        0.948  1.269
      0.20  1.892     0.442   0.946      0.949       0.799     0.885        0.948  1.318
      0.30  1.188     0.423   0.873      0.959       0.711     0.585        0.945  1.102
  overall median: {'sd_y': 2.031, 'rmse_law': 0.683, 'r2_law': 0.875, 'r2_law_ab': 0.911, 'r2_true_ab': 0.738, 'r2_cross': 0.88, 'r2_cross_ab': 0.934, 'b_fit': 1.445}

E5a new (h, eps): medians per setting
             sd_y  rmse_law  r2_law  r2_law_ab  r2_true_ab  r2_cross  r2_cross_ab  b_fit
h     eps                                                                               
0.001 0.10  1.510     0.893   0.719      0.740       0.507     0.442        0.857  4.759
0.005 0.07  2.804     0.859   0.907      0.920       0.671     0.914        0.935  1.666
0.007 0.25  1.299     0.452   0.886      0.907       0.833     0.854        0.922  1.619
0.010 0.02  2.927     1.012   0.880      0.917       0.705     0.909        0.936  1.388
      0.40  0.358     0.708  -2.956      0.793       0.859    -0.925        0.870  0.870
0.020 0.15  2.217     0.530   0.943      0.946       0.786     0.940        0.949  1.356
0.060 0.10  1.832     0.943   0.734      0.832       0.849     0.925        0.951  1.147
  overall median: {'sd_y': 1.865, 'rmse_law': 0.764, 'r2_law': 0.869, 'r2_law_ab': 0.91, 'r2_true_ab': 0.773, 'r2_cross': 0.898, 'r2_cross_ab': 0.936, 'b_fit': 1.416}
