cross-term law (fitted on the 12 original settings): log h' = -0.299 + 0.736 log h + -0.365 logit eps;  logit eps' = -1.255 + 0.438 logit eps + -0.196 log h

baseline grid (E1+E2b): medians per setting
             sd_y  rmse_law  r2_law  r2_law_ab  r2_true_ab  r2_cross  r2_cross_ab  b_fit
h     eps                                                                               
0.003 0.05  2.987     1.217   0.845      0.873       0.581     0.860        0.917  1.948
      0.10  2.196     0.799   0.877      0.912       0.649     0.827        0.934  2.100
      0.20  1.184     0.510   0.834      0.835       0.708     0.676        0.872  3.826
      0.30  0.604     0.347   0.670      0.857       0.844     0.473        0.848  2.141
0.010 0.05  2.894     0.894   0.912      0.919       0.735     0.935        0.946  1.412
      0.10  2.650     0.782   0.914      0.933       0.706     0.900        0.936  1.659
      0.20  1.765     0.485   0.929      0.935       0.812     0.925        0.932  1.454
      0.30  1.088     0.474   0.817      0.889       0.855     0.851        0.907  1.229
0.030 0.05  2.358     0.978   0.817      0.900       0.849     0.944        0.949  1.213
      0.10  2.216     0.739   0.892      0.917       0.792     0.923        0.948  1.269
      0.20  1.892     0.442   0.946      0.949       0.799     0.885        0.948  1.318
      0.30  1.188     0.423   0.873      0.959       0.711     0.585        0.945  1.102
  overall median: {'sd_y': 2.031, 'rmse_law': 0.683, 'r2_law': 0.875, 'r2_law_ab': 0.911, 'r2_true_ab': 0.738, 'r2_cross': 0.88, 'r2_cross_ab': 0.934, 'b_fit': 1.445}

E5a new (h, eps): medians per setting
             sd_y  rmse_law  r2_law  r2_law_ab  r2_true_ab  r2_cross  r2_cross_ab  b_fit
h     eps                                                                               
0.001 0.10  1.510     0.893   0.719      0.740       0.507     0.442        0.857  4.759
0.005 0.07  2.804     0.859   0.907      0.920       0.671     0.914        0.935  1.666
0.007 0.25  1.299     0.452   0.886      0.907       0.833     0.854        0.922  1.619
0.010 0.02  2.927     1.012   0.880      0.917       0.705     0.909        0.936  1.388
      0.40  0.358     0.708  -2.956      0.793       0.859    -0.925        0.870  0.870
0.020 0.15  2.217     0.530   0.943      0.946       0.786     0.940        0.949  1.356
0.060 0.10  1.832     0.943   0.734      0.832       0.849     0.925        0.951  1.147
  overall median: {'sd_y': 1.865, 'rmse_law': 0.764, 'r2_law': 0.869, 'r2_law_ab': 0.91, 'r2_true_ab': 0.773, 'r2_cross': 0.898, 'r2_cross_ab': 0.936, 'b_fit': 1.416}

E5n: medians
                sd_y  rmse_law  r2_law  r2_law_ab  r2_true_ab  r2_cross  r2_cross_ab  b_fit
N   h     eps                                                                              
192 0.003 0.1  2.188     1.011   0.783      0.823       0.517     0.778        0.877  2.625
    0.010 0.1  2.493     0.621   0.938      0.943       0.681     0.936        0.947  1.611
    0.030 0.1  2.305     0.719   0.901      0.921       0.807     0.922        0.948  1.293
512 0.003 0.1  2.239     0.903   0.837      0.874       0.573     0.810        0.921  2.608
    0.010 0.1  2.576     0.732   0.919      0.922       0.666     0.919        0.925  1.805
    0.030 0.1  2.289     0.740   0.895      0.913       0.862     0.936        0.959  1.165

E5d: medians
                                      sd_y  rmse_law  r2_law  r2_law_ab  r2_true_ab  r2_cross  r2_cross_ab  b_fit
V   K  key_dist typo       h    eps                                                                              
32  16 zipf     structured 0.01 0.1  2.665     0.748   0.921      0.940       0.755     0.907        0.936  1.727
                           0.03 0.2  1.834     0.441   0.942      0.949       0.841     0.936        0.961  1.269
64  8  zipf     structured 0.01 0.1  2.829     0.943   0.889      0.915       0.730     0.913        0.928  1.544
                           0.03 0.2  1.916     0.539   0.920      0.930       0.793     0.907        0.945  1.135
    16 uniform  structured 0.01 0.1  2.505     0.650   0.933      0.934       0.744     0.938        0.939  1.364
                           0.03 0.2  1.599     0.656   0.832      0.888       0.824     0.712        0.921  0.825
       zipf     uniform    0.01 0.1  2.266     2.070   0.166      0.790       0.743     0.178        0.781  1.197
                           0.03 0.2  1.794     1.460   0.338      0.779       0.772     0.087        0.783  1.106
    32 zipf     structured 0.01 0.1  2.551     0.701   0.924      0.941       0.721     0.906        0.941  1.581
                           0.03 0.2  1.733     0.444   0.934      0.948       0.785     0.831        0.949  1.181
128 16 zipf     structured 0.01 0.1  2.506     0.759   0.908      0.913       0.650     0.905        0.925  1.454
                           0.03 0.2  1.841     0.550   0.911      0.933       0.747     0.823        0.934  1.096

E5r: medians
             sd_y  rmse_law  r2_law  r2_law_ab  r2_true_ab  r2_cross  r2_cross_ab    b_fit
h     eps                                                                                 
0.003 0.05  3.617     2.470   0.534      0.787       0.918     0.475        0.688    1.209
      0.10  2.815     1.602   0.676      0.852       0.925     0.525        0.761    1.839
      0.20  1.583     0.747   0.777      0.875       0.925     0.493        0.850    3.764
      0.30  0.620     0.343   0.694      0.831       0.930     0.487        0.847  127.683
0.010 0.05  3.116     1.768   0.678      0.780       0.912     0.777        0.803    1.050
      0.20  2.085     0.856   0.831      0.855       0.915     0.793        0.848    1.507
      0.30  1.079     0.528   0.760      0.863       0.955     0.818        0.879    2.042
0.030 0.05  2.605     1.629   0.609      0.752       0.892     0.825        0.839    1.024
      0.10  2.562     1.093   0.818      0.859       0.921     0.914        0.914    1.083
      0.30  1.429     0.405   0.920      0.928       0.814     0.848        0.959    0.918
