S6: RoPE grid
            n  h_law  h_fit  eps_law  eps_fit  r2_law  r2_own  r2_true_bayes  bayes_wins  h_ratio  logit_err  h_over_h_rope  h_over_h_alibi
h     eps                                                                                                                                  
0.003 0.05  1  0.020  0.013    0.163    0.061   0.534   0.934          0.918         1.0    0.656      1.099          4.417          13.743
      0.10  1  0.020  0.007    0.213    0.138   0.676   0.942          0.925         1.0    0.365      0.521          2.461           8.155
      0.20  1  0.020  0.006    0.278    0.248   0.777   0.944          0.925         1.0    0.295      0.154          1.986           4.625
      0.30  1  0.020  0.000    0.328    0.344   0.694   0.935          0.930         1.0    0.017      0.070          0.113           4.034
0.010 0.05  1  0.049  0.027    0.163    0.051   0.678   0.949          0.912         1.0    0.548      1.285          2.687           7.028
      0.10  3  0.049  0.018    0.213    0.081   0.685   0.947          0.920         1.0    0.371      1.120          1.817           5.952
      0.20  1  0.049  0.017    0.278    0.189   0.831   0.930          0.915         1.0    0.353      0.506          1.730           4.797
      0.30  1  0.049  0.012    0.328    0.270   0.760   0.963          0.955         1.0    0.238      0.277          1.164           2.788
0.030 0.05  1  0.110  0.052    0.163    0.029   0.609   0.961          0.892         1.0    0.474      1.863          1.740           4.071
      0.10  1  0.110  0.062    0.213    0.095   0.818   0.971          0.921         1.0    0.561      0.950          2.056           3.782
      0.20  3  0.110  0.076    0.278    0.191   0.918   0.964          0.867         1.0    0.687      0.493          2.518           3.415
      0.30  1  0.110  0.063    0.328    0.240   0.920   0.967          0.814         1.0    0.573      0.437          2.100           3.498
  RoPE law: h' = 4.703 h^1.224 (R² 0.681);  logit eps' = 0.006 + 1.019 logit eps (R² 0.911)
  RoPE leave-one-setting-out median R² 0.886; RoPE h'/h below ALiBi at 12/12 settings
  S6: FAIL  [h' law R² 0.68, eps' law R² 0.91, LOSO 0.89]; frozen ALiBi law on RoPE models: R² median 0.727
