E1_h0.01_e0.1_L2_alibi_learn_attn_s0 [0.0083, 0.0183, 0.0355, 0.0574, 0.0833, 0.111, 0.1933]
E1_h0.01_e0.1_L2_alibi_learn_attn_s1 [0.003, 0.0355, 0.0497, 0.0669, 0.0889, 0.1159, 0.1916]
E1_h0.01_e0.1_L2_alibi_learn_attn_s2 [0.0045, 0.0171, 0.0357, 0.0599, 0.0857, 0.1124, 0.1916]
E1_h0.01_e0.1_L2_alibi_learn_mlp_s0 [0.0001, 0.0037, 0.0144, 0.0481, 0.0835, 0.1235, 0.2386]
E1_h0.01_e0.1_L2_alibi_learn_mlp_s1 [0.0001, 0.0071, 0.0183, 0.0509, 0.0823, 0.1221, 0.2413]
E1_h0.01_e0.1_L2_alibi_learn_mlp_s2 [0.0001, 0.0044, 0.0151, 0.05, 0.0826, 0.1205, 0.2257]
E1_h0.01_e0.1_L3_alibi_learn_attn_s0 [0.0, 0.0003, 0.0046, 0.0193, 0.0383, 0.0755, 0.217]
E1_h0.01_e0.1_L3_alibi_learn_attn_s1 [0.0002, 0.0037, 0.0121, 0.0319, 0.057, 0.0892, 0.1809]
E1_h0.01_e0.1_L3_alibi_learn_attn_s2 [0.0005, 0.0066, 0.0154, 0.0327, 0.053, 0.0842, 0.1771]
E1_h0.03_e0.2_L2_alibi_learn_attn_s0 [0.0243, 0.0592, 0.08, 0.1012, 0.1301, 0.159, 0.2445]
E1_h0.03_e0.2_L2_alibi_learn_attn_s1 [0.0349, 0.065, 0.0858, 0.1073, 0.1363, 0.164, 0.263]
E1_h0.03_e0.2_L2_alibi_learn_attn_s2 [0.0281, 0.0597, 0.0802, 0.104, 0.1336, 0.1616, 0.2538]
E1_h0.03_e0.2_L2_alibi_learn_mlp_s0 [0.0058, 0.0312, 0.0552, 0.0802, 0.1076, 0.148, 0.2645]
E1_h0.03_e0.2_L2_alibi_learn_mlp_s1 [0.0069, 0.0294, 0.0542, 0.0805, 0.1113, 0.1514, 0.2908]
E1_h0.03_e0.2_L2_alibi_learn_mlp_s2 [0.0066, 0.029, 0.0538, 0.0796, 0.11, 0.1486, 0.2673]
E1_h0.03_e0.2_L3_alibi_learn_attn_s0 [0.0001, 0.0172, 0.0375, 0.065, 0.1009, 0.1522, 0.3423]
E1_h0.03_e0.2_L3_alibi_learn_attn_s1 [0.0001, 0.015, 0.0375, 0.0632, 0.098, 0.1544, 0.3478]
E1_h0.03_e0.2_L3_alibi_learn_attn_s2 [0.0001, 0.0186, 0.0396, 0.0605, 0.0951, 0.1239, nan]
E2b_h0.003_e0.05_L2_alibi_learn_attn_s0 [0.0001, 0.0072, 0.0177, 0.0404, 0.0629, 0.0925, 0.1728]
E2b_h0.003_e0.05_L2_alibi_learn_attn_s1 [0.0001, 0.0063, 0.0168, 0.0408, 0.0622, 0.0884, 0.1627]
E2b_h0.003_e0.05_L2_alibi_learn_attn_s2 [0.0001, 0.0072, 0.0186, 0.046, 0.0691, 0.0978, 0.1759]
E2b_h0.003_e0.1_L2_alibi_learn_attn_s0 [0.0001, 0.0001, 0.01, 0.024, 0.0542, 0.0813, 0.1497]
E2b_h0.003_e0.1_L2_alibi_learn_attn_s1 [0.0001, 0.0001, 0.0114, 0.0244, 0.052, 0.0789, 0.1433]
E2b_h0.003_e0.1_L2_alibi_learn_attn_s2 [0.0001, 0.0004, 0.012, 0.0259, 0.0544, 0.0807, 0.1492]
E2b_h0.003_e0.2_L2_alibi_learn_attn_s0 [nan, 0.0001, 0.0045, 0.0143, 0.0327, 0.0581, 0.1204]
E2b_h0.003_e0.2_L2_alibi_learn_attn_s1 [nan, 0.0038, 0.0002, 0.0122, 0.0313, 0.0583, 0.1272]
E2b_h0.003_e0.2_L2_alibi_learn_attn_s2 [nan, 0.0002, 0.0001, 0.0139, 0.032, 0.0592, 0.1221]
E2b_h0.003_e0.3_L2_alibi_learn_attn_s0 [nan, nan, 0.0042, 0.012, 0.0244, 0.0504, 0.1122]
E2b_h0.003_e0.3_L2_alibi_learn_attn_s1 [nan, nan, 0.0035, 0.0107, 0.0257, 0.054, 0.115]
E2b_h0.003_e0.3_L2_alibi_learn_attn_s2 [nan, nan, 0.004, 0.0139, 0.0252, 0.0474, 0.107]
E2b_h0.01_e0.05_L2_alibi_learn_attn_s0 [0.0119, 0.0323, 0.0496, 0.0723, 0.1004, 0.1413, 0.2498]
E2b_h0.01_e0.05_L2_alibi_learn_attn_s1 [0.0139, 0.0343, 0.0491, 0.0722, 0.1007, 0.1435, 0.2502]
E2b_h0.01_e0.05_L2_alibi_learn_attn_s2 [0.0089, 0.0295, 0.0487, 0.0698, 0.0995, 0.1433, 0.2488]
E2b_h0.01_e0.2_L2_alibi_learn_attn_s0 [0.0015, 0.011, 0.0213, 0.0481, 0.072, 0.1054, 0.175]
E2b_h0.01_e0.2_L2_alibi_learn_attn_s1 [0.0381, 0.0163, 0.0309, 0.0487, 0.0697, 0.099, 0.1667]
E2b_h0.01_e0.2_L2_alibi_learn_attn_s2 [0.0036, 0.0104, 0.0206, 0.0461, 0.0686, 0.1017, 0.1661]
E2b_h0.01_e0.3_L2_alibi_learn_attn_s0 [nan, 0.0087, 0.015, 0.0296, 0.0573, 0.0907, 0.1587]
E2b_h0.01_e0.3_L2_alibi_learn_attn_s1 [0.0278, 0.0299, 0.028, 0.0266, 0.035, 0.0701, 0.1472]
E2b_h0.01_e0.3_L2_alibi_learn_attn_s2 [0.01, 0.0079, 0.0151, 0.0268, 0.0561, 0.092, 0.1627]
E2b_h0.03_e0.05_L2_alibi_learn_attn_s0 [0.0519, 0.0789, 0.0943, 0.1242, 0.1613, 0.222, 0.4123]
E2b_h0.03_e0.05_L2_alibi_learn_attn_s1 [0.0675, 0.0976, 0.1183, 0.1472, 0.1815, 0.2346, 0.3888]
E2b_h0.03_e0.05_L2_alibi_learn_attn_s2 [0.0518, 0.0776, 0.095, 0.1255, 0.1625, 0.2272, 0.4093]
E2b_h0.03_e0.1_L2_alibi_learn_attn_s0 [0.0552, 0.0745, 0.0886, 0.1114, 0.1456, 0.185, 0.321]
E2b_h0.03_e0.1_L2_alibi_learn_attn_s1 [0.0573, 0.0887, 0.1089, 0.1367, 0.1677, 0.2143, 0.3319]
E2b_h0.03_e0.1_L2_alibi_learn_attn_s2 [0.0586, 0.0857, 0.0963, 0.1153, 0.1423, 0.1885, 0.36]
E2b_h0.03_e0.3_L2_alibi_learn_attn_s0 [0.0157, 0.048, 0.0673, 0.0969, 0.1347, 0.1766, 0.2771]
E2b_h0.03_e0.3_L2_alibi_learn_attn_s1 [0.0266, 0.0567, 0.079, 0.1109, 0.146, 0.1764, 0.2695]
E2b_h0.03_e0.3_L2_alibi_learn_attn_s2 [0.0173, 0.0527, 0.0748, 0.1065, 0.1452, 0.1811, 0.2878]
E2c_h0.01_e0.1_L2_alibi_learn_attn_cf0.2_s0 [0.036, 0.0333, 0.0347, 0.0389, 0.0464, 0.0619, 0.1172]
E2c_h0.01_e0.1_L2_alibi_learn_attn_cf0.2_s1 [0.034, 0.0334, 0.0353, 0.04, 0.0476, 0.063, 0.1179]
E2c_h0.01_e0.1_L2_alibi_learn_attn_cf0.2_s2 [0.0337, 0.0336, 0.0355, 0.04, 0.0478, 0.0635, 0.1191]
E2c_h0.01_e0.1_L3_alibi_learn_attn_cf0.2_s0 [0.0021, 0.0194, 0.0223, 0.0272, 0.0393, 0.0584, 0.1496]
E2c_h0.01_e0.1_L3_alibi_learn_attn_cf0.2_s1 [0.0142, 0.0192, 0.022, 0.028, 0.0402, 0.0582, 0.1399]
E2c_h0.01_e0.1_L3_alibi_learn_attn_cf0.2_s2 [0.0134, 0.0153, 0.0187, 0.0249, 0.0393, 0.0623, 0.1675]
E2c_h0.03_e0.2_L2_alibi_learn_attn_cf0.2_s0 [0.0336, 0.0518, 0.0693, 0.0908, 0.1135, 0.1474, 0.2479]
E2c_h0.03_e0.2_L2_alibi_learn_attn_cf0.2_s1 [0.0364, 0.0555, 0.0759, 0.0959, 0.117, 0.1516, 0.2503]
E2c_h0.03_e0.2_L2_alibi_learn_attn_cf0.2_s2 [0.0367, 0.0554, 0.076, 0.0958, 0.12, 0.155, 0.2572]
E2c_h0.03_e0.2_L3_alibi_learn_attn_cf0.2_s0 [0.0001, 0.0371, 0.0436, 0.0546, 0.0749, 0.105, 0.1923]
E2c_h0.03_e0.2_L3_alibi_learn_attn_cf0.2_s1 [0.0001, 0.0351, 0.0419, 0.0523, 0.0706, 0.0973, 0.1881]
E2c_h0.03_e0.2_L3_alibi_learn_attn_cf0.2_s2 [0.0001, 0.0362, 0.0424, 0.0549, 0.0778, 0.1085, 0.1618]
E3_h0.01_e0.1_L2_alibi_learn_attn_d256_s0 [0.0001, 0.0122, 0.0245, 0.0526, 0.0703, 0.1013, 0.1773]
E3_h0.01_e0.1_L2_alibi_learn_attn_d256_s1 [0.0001, 0.0122, 0.0251, 0.0529, 0.0727, 0.1019, 0.1755]
E3_h0.01_e0.1_L2_alibi_learn_attn_st60000_s0 [0.0001, 0.012, 0.0228, 0.0506, 0.074, 0.1049, 0.183]
E3_h0.01_e0.1_L2_alibi_learn_attn_st60000_s1 [0.0001, 0.0197, 0.0418, 0.0617, 0.0889, 0.1211, 0.2055]
E3_h0.03_e0.2_L2_alibi_learn_attn_d256_s0 [0.0065, 0.0401, 0.0606, 0.0912, 0.1129, 0.1451, 0.2577]
E3_h0.03_e0.2_L2_alibi_learn_attn_d256_s1 [0.0051, 0.0335, 0.0577, 0.0856, 0.1114, 0.1419, 0.2478]
E3_h0.03_e0.2_L2_alibi_learn_attn_st60000_s0 [0.025, 0.0607, 0.0816, 0.1049, 0.1372, 0.1681, 0.2465]
E3_h0.03_e0.2_L2_alibi_learn_attn_st60000_s1 [0.0242, 0.0567, 0.0766, 0.0993, 0.1296, 0.1627, 0.2703]
E4h_h0.01_e0.1_L2_alibi_learn_attn_b256_s0 [0.0047, 0.0153, 0.0278, 0.0561, 0.0869, 0.1214, 0.2143]
E4h_h0.01_e0.1_L2_alibi_learn_attn_b256_s1 [0.0052, 0.0232, 0.0437, 0.0609, 0.0887, 0.1162, 0.193]
E4h_h0.01_e0.1_L2_alibi_learn_attn_lr0.0003_s0 [0.0081, 0.0256, 0.0454, 0.0648, 0.0966, 0.1349, 0.24]
E4h_h0.01_e0.1_L2_alibi_learn_attn_lr0.0003_s1 [0.0007, 0.0217, 0.0416, 0.0594, 0.087, 0.1194, 0.2126]
E4h_h0.01_e0.1_L2_alibi_learn_attn_lr0.003_s0 [0.0062, 0.0195, 0.0416, 0.061, 0.0906, 0.1213, 0.2053]
E4h_h0.01_e0.1_L2_alibi_learn_attn_lr0.003_s1 [0.0031, 0.0217, 0.0459, 0.0632, 0.0918, 0.12, 0.2085]
E4h_h0.03_e0.2_L2_alibi_learn_attn_b256_s0 [0.0283, 0.0586, 0.0766, 0.0991, 0.1278, 0.161, 0.2472]
E4h_h0.03_e0.2_L2_alibi_learn_attn_b256_s1 [0.0393, 0.0661, 0.0868, 0.1096, 0.1395, 0.1696, 0.2525]
E4h_h0.03_e0.2_L2_alibi_learn_attn_lr0.0003_s0 [0.0216, 0.0524, 0.0721, 0.0981, 0.1291, 0.1706, 0.2764]
E4h_h0.03_e0.2_L2_alibi_learn_attn_lr0.0003_s1 [0.0182, 0.0509, 0.0707, 0.0979, 0.1283, 0.1639, 0.2663]
E4h_h0.03_e0.2_L2_alibi_learn_attn_lr0.003_s0 [0.0226, 0.0588, 0.0831, 0.1062, 0.1375, 0.1712, 0.266]
E4h_h0.03_e0.2_L2_alibi_learn_attn_lr0.003_s1 [0.0235, 0.0595, 0.0845, 0.1101, 0.1457, 0.1808, 0.2912]
E4r_h0.01_e0.1_L2_alibi_learn_attn_s0 [0.0083, 0.0185, 0.0364, 0.0577, 0.0837, 0.1115, 0.1957]
E4r_h0.01_e0.1_L2_alibi_learn_attn_s3 [0.0059, 0.0226, 0.0459, 0.0626, 0.0943, 0.1232, 0.2142]
E4r_h0.01_e0.1_L2_alibi_learn_attn_s4 [0.003, 0.0196, 0.0393, 0.0583, 0.0857, 0.1159, 0.2092]
E4r_h0.01_e0.1_L3_alibi_learn_attn_s0 [0.0, 0.0005, 0.0052, 0.0202, 0.0403, 0.0793, 0.2371]
E4r_h0.03_e0.2_L2_alibi_learn_attn_s0 [0.0243, 0.0592, 0.08, 0.1012, 0.1301, 0.159, 0.2444]
elasticity k: median 1.294 [IQR 0.824-2.400], per-model R² median 0.933; pre-registered: R² > 0.9 and k in [0.7, 1.3]
median repeat-sighting loss change vs scale:
scale
0.25    0.0954
0.50    0.0231
0.71    0.0061
1.00    0.0000
1.41    0.0100
2.00    0.0549
4.00    0.3298
